 0.175429 0.0785699 0.0686386  0.095624  0.168979 0.0951209   0.13842 0.0695047  0.066781 0.0821905  0.057014  0.129473  0.072087
0.0785699  0.160248  0.143659 0.0621271 0.0767954 0.0610555 0.0805245  0.146299  0.128313 0.0491439 0.0367193 0.0700059 0.0435374
0.0686386  0.143659  0.145195 0.0546008 0.0715888 0.0546495 0.0639473  0.141182  0.137588 0.0422034    0.0321 0.0596201 0.0376296
 0.095624 0.0621271 0.0546008  0.291246 0.0924723  0.284302 0.0837483 0.0566617 0.0530473  0.148522   0.12998 0.0764535  0.134214
 0.168979 0.0767954 0.0715888 0.0924723  0.164983 0.0919537  0.128287 0.0706946 0.0709258 0.0834153 0.0576271  0.121677  0.072986
0.0951209 0.0610555 0.0546495  0.284302 0.0919537  0.277873 0.0836659 0.0562624 0.0536334  0.142469  0.128391 0.0767181  0.128945
  0.13842 0.0805245 0.0639473 0.0837483  0.128287 0.0836659  0.130732 0.0684943 0.0601511 0.0626452 0.0466093  0.118578 0.0567923
0.0695047  0.146299  0.141182 0.0566617 0.0706946 0.0562624 0.0684943   0.13984  0.131053 0.0450864 0.0341731 0.0620662 0.0402456
 0.066781  0.128313  0.137588 0.0530473 0.0709258 0.0536334 0.0601511  0.131053  0.134464 0.0401812 0.0307367 0.0583072 0.0361952
0.0821905 0.0491439 0.0422034  0.148522 0.0834153  0.142469 0.0626452 0.0450864 0.0401812  0.131492 0.0704594 0.0596252  0.117657
 0.057014 0.0367193    0.0321   0.12998 0.0576271  0.128391 0.0466093 0.0341731 0.0307367 0.0704594  0.265992 0.0455815 0.0641242
 0.129473 0.0700059 0.0596201 0.0764535  0.121677 0.0767181  0.118578 0.0620662 0.0583072 0.0596252 0.0455815  0.109464 0.0542487
 0.072087 0.0435374 0.0376296  0.134214  0.072986  0.128945 0.0567923 0.0402456 0.0361952  0.117657 0.0641242 0.0542487   0.10586